0.0 3.76
1.9919839679358717 4.175652816803313
2.020040080160321 4.183251188378061
2.0480961923847696 4.190771144276498
2.0761523046092183 4.198215002391506
2.1042084168336674 4.205584989204309
2.132264529058116 4.212883244654987
2.1603206412825653 4.220111826695101
2.188376753507014 4.227272715547061
2.216432865731463 4.234367817692657
2.244488977955912 4.241398969611215
2.2725450901803605 4.248367941286039
2.3006012024048097 4.255276439496225
2.3286573146292584 4.262126110909451
2.3567134268537075 4.268918544990077
2.3847695390781563 4.275655276735665
2.4128256513026054 4.2823377892539725
2.440881763527054 4.28896751619151
2.468937875751503 4.295545844023844
2.496993987975952 4.302074114217028
2.5250501002004007 4.30855362526882
2.55310621242485 4.314985634637672
2.5811623246492985 4.321371360566853
2.6092184368737477 4.327711983810526
2.6372745490981964 4.3340086492680925
2.6653306613226455 4.34026246753262
2.693386773547094 4.346474516358794
2.721442885771543 4.35264584205538
2.749498997995992 4.358777460806883
2.7775551102204408 4.364870359928707
2.80561122244489 4.370925499059863
2.8336673346693386 4.376943811296945
2.8617234468937878 4.382926204272875
2.8897795591182365 4.388873561183666
2.9178356713426856 4.394786741766218
2.9458917835671343 4.40066658322999
2.973947895791583 4.406513901145177
3.002004008016032 4.41232949028986
3.030060120240481 4.418114125458439
3.05811623246493 4.423868562233498
3.0861723446893787 4.429593537723134
3.114228456913828 4.435289771265635
3.1422845691382766 4.440957965103283
3.1703406813627253 4.44659880502694
3.1983967935871744 4.452212960992998
3.226452905811623 4.45780108771414
3.2545090180360723 4.463363825225296
3.282565130260521 4.4689017994261055
3.31062124248497 4.4744156226010805
3.338677354709419 4.47990589391864
3.3667334669338675 4.4853731999100885
3.3947895791583167 4.490818114929555
3.4228456913827654 4.496241201595857
3.4509018036072145 4.501643011217203
3.4789579158316633 4.507024084199578
3.5070140280561124 4.512384950439627
3.535070140280561 4.517726129702803
3.5631262525050102 4.523048131987497
3.591182364729459 4.528351457875836
3.6192384769539077 4.533636598871801
3.647294589178357 4.538904037727268
3.6753507014028055 4.5441542487565645
3.7034068136272547 4.5493876981400785
3.7314629258517034 4.554604844217458
3.7595190380761525 4.559806137770889
3.787575150300601 4.564992022298917
3.8156312625250504 4.570162934281271
3.843687374749499 4.575319303435116
3.8717434869739478 4.580461552963118
3.899799599198397 4.585590099793743
3.9278557114228456 4.590705354814116
3.9559118236472948 4.5958077230958265
3.9839679358717435 4.600897604113988
4.012024048096192 4.605975391959883
4.040080160320642 4.6110414755474975
4.0681362725450905 4.616096238814219
4.096192384769539 4.621140060916008
4.124248496993988 4.626173316417269
4.152304609218437 4.6311963754757075
4.180360721442886 4.636209604022401
4.208416833667335 4.641213363937316
4.236472945891784 4.646208013220507
4.264529058116232 4.651193906159198
4.292585170340681 4.656171393490963
4.320641282565131 4.661140822563205
4.348697394789579 4.666102537489113
4.376753507014028 4.671056879300303
4.404809619238477 4.676004186096293
4.432865731462926 4.680944793191009
4.460921843687375 4.685879033256473
4.488977955911824 4.690807236463845
4.517034068136272 4.695729730621954
4.545090180360721 4.700646841313498
4.573146292585171 4.705558892029034
4.601202404809619 4.710466204298914
4.629258517034068 4.7153690978233005
4.657314629258517 4.720267890600398
4.685370741482966 4.72516289905303
4.713426853707415 4.730054438153699
4.741482965931864 4.734942821548234
4.7695390781563125 4.739828361678176
4.797595190380761 4.744711369902005
4.825651302605211 4.74959215661533
4.8537074148296595 4.754471031370163
4.881763527054108 4.759348302993386
4.909819639278557 4.764224279704539
4.937875751503006 4.7690992692330205
4.965931863727455 4.7739735789348305
4.993987975951904 4.77884751590896
5.022044088176353 4.783721387113533
5.050100200400801 4.788595499481823
5.078156312625251 4.793470160038237
5.1062124248497 4.798345676014394
5.134268537074148 4.803222354965392
5.162324649298597 4.808100504886389
5.190380761523046 4.8129804343295906
5.218436873747495 4.817862452521776
5.246492985971944 4.822746869482457
5.274549098196393 4.827633996142793
5.302605210420841 4.832524144465374
5.330661322645291 4.837417627564993
5.35871743486974 4.842314759830511
5.386773547094188 4.847215857047959
5.414829659318637 4.85212123652497
5.442885771543086 4.857031217216693
5.470941883767535 4.8619461198533
5.498997995991984 4.86686626706922
5.527054108216433 4.8717919835342345
5.5551102204408815 4.876723596086573
5.583166332665331 4.8816614338681426
5.61122244488978 4.886605828462046
5.6392785571142285 4.891557114032529
5.667334669338677 4.896515627467515
5.695390781563126 4.901481708523877
5.7234468937875755 4.906455699975631
5.751503006012024 4.911437947765186
5.779559118236473 4.916428801157869
5.807615230460922 4.921428612899864
5.835671342685371 4.926437739379786
5.86372745490982 4.931456540794064
5.891783567134269 4.936485381316348
5.919839679358717 4.9415246292711545
5.947895791583166 4.946574657311952
5.975951903807616 4.951635842603939
6.004008016032064 4.956708567011737
6.032064128256513 4.961793217292257
6.060120240480962 4.966890185292997
6.0881763527054105 4.97199986815604
6.11623246492986 4.977122668528041
6.144288577154309 4.982258994776507
6.1723446893787575 4.987409261212662
6.200400801603206 4.992573888321246
6.228456913827656 4.997753302997584
6.2565130260521045 5.002947938792269
6.284569138276553 5.008158236163867
6.312625250501002 5.013384642740009
6.340681362725451 5.018627613587303
6.3687374749499 5.023887611490511
6.396793587174349 5.029165107241427
6.424849699398798 5.034460579937966
6.452905811623246 5.039774517293969
6.480961923847696 5.045107415960244
6.509018036072145 5.050459781857438
6.537074148296593 5.055832130521328
6.565130260521042 5.061224987461147
6.593186372745491 5.066638888531645
6.62124248496994 5.072074380319566
6.649298597194389 5.077532020545289
6.677354709418838 5.08301237848044
6.705410821643286 5.0885160353822885
6.733466933867735 5.094043584945831
6.761523046092185 5.099595633774484
6.789579158316633 5.1051728018703955
6.817635270541082 5.110775723145418
6.845691382765531 5.116405045953867
6.87374749498998 5.122061433648254
6.901803607214429 5.127745565159255
6.929859719438878 5.133458135601264
6.9579158316633265 5.139199856904938
6.985971943887775 5.144971458478295
7.014028056112225 5.150773687897947
7.0420841683366735 5.156607311632198
7.070140280561122 5.162473115797885
7.098196392785571 5.168371906952872
7.1262525050100205 5.17430451292634
7.154308617234469 5.180271783689082
7.182364729458918 5.186274592266227
7.210420841683367 5.192313835694934
7.238476953907815 5.198390436029806
7.266533066132265 5.204505341398975
7.294589178356714 5.210659527113995
7.322645290581162 5.216853996836937
7.350701402805611 5.223089783808307
7.378757515030061 5.229367952139692
7.406813627254509 5.235689598175332
7.434869739478958 5.242055851927122
7.462925851703407 5.248467878587913
7.490981963927855 5.254926880128347
7.519038076152305 5.261434096982873
7.547094188376754 5.267990809831049
7.575150300601202 5.27459834148072
7.603206412825651 5.281258058860196
7.631262525050101 5.287971375127145
7.659318637274549 5.294739751902558
7.687374749498998 5.301564701638858
7.715430861723447 5.308447790131973
7.7434869739478955 5.315390639188073
7.771543086172345 5.322394929456593
7.799599198396794 5.329462403442186
7.8276553106212425 5.336594868709413
7.855711422845691 5.343794201295192
7.88376753507014 5.351062349345469
7.9118236472945895 5.358401336994039
7.939879759519038 5.365813268503216
7.967935871743487 5.373300332687903
7.995991983967936 5.3808648076466925
8.024048096192384 5.388509065826015
8.052104208416834 5.396235579445901
8.080160320641284 5.40404692631887
8.108216432865731 5.411945796096662
8.136272545090181 5.419934996983204
8.164328657314629 5.428017462956239
8.192384769539078 5.4361962615446595
8.220440881763528 5.444474602213691
8.248496993987976 5.452855845415937
8.276553106212425 5.461343512372778
8.304609218436873 5.4699412956580975
8.332665330661323 5.478653070664671
8.360721442885772 5.487482908043115
8.38877755511022 5.496435087214161
8.41683366733467 5.505514111067404
8.444889779559118 5.514724721973837
8.472945891783567 5.524071919255733
8.501002004008017 5.533560978276027
8.529058116232465 5.543197471330866
8.557114228456914 5.5529872905537
8.585170340681362 5.562936673067958
8.613226452905812 5.573052228658612
8.641282565130261 5.583340970271563
8.669338677354709 5.593810347695
8.697394789579159 5.6044682848296
8.725450901803608 5.615323221016607
8.753507014028056 5.626384156965806
8.781563126252506 5.637660705911897
8.809619238476953 5.649163150730203
8.837675350701403 5.660902507864846
8.865731462925853 5.672890599068316
8.8937875751503 5.685140132126736
8.92184368737475 5.6976647919562255
8.949899799599198 5.710479343711637
8.977955911823647 5.723599749860152
9.006012024048097 5.737043303552858
9.034068136272545 5.750828781095164
9.062124248496994 5.7649766168951615
9.090180360721442 5.7795091049876905
9.118236472945892 5.79445063213087
9.146292585170341 5.809827948603403
9.17434869739479 5.825670484265334
9.202404809619239 5.842010719276174
9.230460921843687 5.858884621220625
9.258517034068136 5.876332163449075
9.286573146292586 5.894397943441025
9.314629258517034 5.913131925286083
9.342685370741483 5.932590337432823
9.370741482965933 5.952836766376533
9.39879759519038 5.9739434999553644
9.42685370741483 5.995993191898984
9.454909819639278 6.019080944475322
9.482965931863728 6.043316941952608
9.511022044088177 6.068829819502534
9.539078156312625 6.095771028662845
9.567134268537075 6.124320575479749
9.595190380761522 6.154694684247694
9.623246492985972 6.1871562184172735
9.651302605210422 6.222029141927114
9.67935871743487 6.259719060055531
9.707414829659319 6.300743190646523
9.735470941883767 6.345775491223206
9.763527054108216 6.395717184278638
9.791583166332666 6.451812035298582
9.819639278557114 6.515845482549134
9.847695390781563 6.590513471823217
9.875751503006011 6.68017092161805
9.90380761523046 6.792553415650414
9.93186372745491 6.943544292621712
9.959919839679358 7.175218305029292
9.987975951903808 7.699318695227349
10.016032064128257 8.5056714446406
10.044088176352705 8.944395821938507
10.072144288577155 9.1576681762289
10.100200400801603 9.299729062643554
10.128256513026052 9.406333261270962
10.156312625250502 9.491642962733533
10.18436873747495 9.562732101573712
10.2124248496994 9.623646892769617
10.240480961923847 9.676919863592943
10.268537074148297 9.724241840396243
10.296593186372746 9.766798014049641
10.324649298597194 9.80545139965874
10.352705410821644 9.840849966940429
10.380761523046091 9.873492639358044
10.408817635270541 9.903771768108262
10.43687374749499 9.932001477301114
10.464929859719438 9.958437170086649
10.492985971943888 9.983289310040822
10.521042084168338 10.006733382658968
10.549098196392785 10.02891724104397
10.577154308617235 10.049966619087787
10.605210420841683 10.069989334754098
10.633266533066132 10.089078540050036
10.661322645290582 10.107315265922335
10.68937875751503 10.12477043802766
10.71743486973948 10.141506490140165
10.745490981963927 10.157578667885234
10.773547094188377 10.173036091496204
10.801603206412826 10.187922629143486
10.829659318637274 10.20227761996202
10.857715430861724 10.216136476787604
10.885771543086172 10.229531191846313
10.913827655310621 10.242490763564215
10.94188376753507 10.255041558816608
10.969939879759519 10.267207621992181
10.997995991983968 10.279010939975752
11.026052104208416 10.290471670385477
11.054108216432866 10.301608339014612
11.082164328657315 10.31243801133321
11.110220440881763 10.32297644203493
11.138276553106213 10.333238205917585
11.166332665330662 10.343236812825374
11.19438877755511 10.352984808926633
11.22244488977956 10.362493866231244
11.250501002004007 10.37177486194933
11.278557114228457 10.380837949043986
11.306613226452907 10.389692619125206
11.334669338677354 10.398347758661528
11.362725450901804 10.406811699343645
11.390781563126252 10.415092263315248
11.418837675350701 10.42319680388626
11.446893787575151 10.431132242259366
11.474949899799599 10.43890510072929
11.503006012024048 10.446521532753712
11.531062124248496 10.453987350242993
11.559118236472946 10.461308048371825
11.587174348697395 10.468488828177984
11.615230460921843 10.475534617180909
11.643286573146293 10.482450088224729
11.671342685370742 10.489239676726095
11.69939879759519 10.495907596486207
11.72745490981964 10.5024578542081
11.755511022044088 10.508894262844361
11.783567134268537 10.515220453886581
11.811623246492987 10.521439888695607
11.839679358717435 10.527555868961114
11.867735470941884 10.53357154636954
11.895791583166332 10.539489931551191
11.923847695390782 10.545313902370118
11.951903807615231 10.551046211613812
11.97995991983968 10.556689494134133
12.008016032064129 10.562246273485831
12.036072144288577 10.567718968104431
12.064128256513026 10.573109897061382
12.092184368737476 10.578421285430656
12.120240480961924 10.583655269297884
12.148296593186373 10.58881390044024
12.176352705410821 10.593899150702656
12.20440881763527 10.598912916093777
12.23246492985972 10.603857020622856
12.260521042084168 10.608733219897065
12.288577154308618 10.61354320449691
12.316633266533067 10.618288603145986
12.344689378757515 10.622970985689944
12.372745490981965 10.62759186589827
12.400801603206412 10.632152704101369
12.428857715430862 10.636654909674458
12.456913827655312 10.641099843378809
12.48496993987976 10.645488819570055
12.513026052104209 10.649823108282536
12.541082164328657 10.654103937197927
12.569138276553106 10.658332493505771
12.597194388777556 10.662509925662972
12.625250501002004 10.666637345058758
12.653306613226453 10.670715827591142
12.681362725450901 10.674746415160458
12.70941883767535 10.67873011708518
12.7374749498998 10.682667911444792
12.765531062124248 10.6865607463542
12.793587174348698 10.690409541173803
12.821643286573146 10.694215187659138
12.849699398797595 10.697978551053597
12.877755511022045 10.701700471127653
12.905811623246493 10.705381763167654
12.933867735470942 10.70902321891711
12.961923847695392 10.712625607473175
12.98997995991984 10.716189676140887
13.01803607214429 10.719716151247496
13.046092184368737 10.723205738919123
13.074148296593187 10.72665912582181
13.102204408817636 10.730076979868903
13.130260521042084 10.7334599508966
13.158316633266534 10.73680867130934
13.186372745490981 10.740123756696665
13.214428857715431 10.743405806423034
13.24248496993988 10.746655404192019
13.270541082164328 10.74987311858617
13.298597194388778 10.753059503583843
13.326653306613226 10.756215099054147
13.354709418837675 10.759340431231072
13.382765531062125 10.762436013167903
13.410821643286573 10.765502345172855
13.438877755511022 10.768539915226864
13.46693386773547 10.771549199384395
13.49498997995992 10.774530662158114
13.52304609218437 10.77748475688816
13.551102204408817 10.780411926096793
13.579158316633267 10.783312601829062
13.607214428857716 10.786187205980186
13.635270541082164 10.78903615061025
13.663326653306614 10.791859838246808
13.691382765531062 10.794658662175923
13.719438877755511 10.79743300672221
13.74749498997996 10.800183247518339
13.775551102204409 10.802909751764496
13.803607214428858 10.805612878478232
13.831663326653306 10.808292978735142
13.859719438877756 10.810950395900743
13.887775551102205 10.81358546585397
13.915831663326653 10.816198517202636
13.943887775551103 10.818789871491195
13.97194388777555 10.82135984340113
14.0 10.823908740944319
